1. Bạn thường không chú ý kỹ ...,2. Thường gặp khó khăn trong việc duy trì ...,3. Thường có vẻ không lắng nghe khi ...,4. Thường không làm theo hướng dẫn ...,5. Thường gặp khó khăn trong việc tổ chức ...,"6. Thường tránh né, không thích hoặc miễn cưỡng ...",7. Thường làm mất những đồ dùng cần thiết ...,8. Thường dễ bị phân tâm bởi ...,9. Thường hay quên trong các hoạt động hàng ngày ...,10. Thường xuyên ngọ nguậy hoặc gõ tay ...,11. Thường rời khỏi chỗ ngồi trong những tình huống ...,12. Thường chạy nhảy hoặc leo trèo trong ...,13. Thường không thể chơi hoặc tham gia các hoạt động ...,14. Thường “luôn di chuyển” như thể “được điều khiển bằng động cơ” ...,15. Thường nói quá nhiều.,16. Thường buột miệng trả lời trước ...,17. Thường gặp khó khăn khi phải chờ ...,18. Thường xuyên ngắt lời hoặc xen vào việc của người khác ...,Họ và tên,Độ tuổi
Thỉnh thoảng,Thỉnh thoảng,Thỉnh thoảng,Thường xuyên,Thường xuyên,Thường xuyên,Thường xuyên,Không bao giờ,Thỉnh thoảng,Thỉnh thoảng,Hiếm khi,Không bao giờ,Không bao giờ,Thường xuyên,Thường xuyên,Thường xuyên,Thỉnh thoảng,Thường xuyên,Đào Quang P,24
